0.051198677321576194
0.05731606503168917
0.07081840727473133
0.08762744557729402
0.07092863047671535
0.06547258197850647
0.058473408652521354
0.051198677321576194
0.04822265086800771
0.041609258748966656
0.04094791953706255
0.03841278589143014
0.03786166988151006
0.03758611187655001
0.1262606778726922
0.11898594654174703
0.12730779829154037
0.11992284375861119
0.12080462937448333
0.1243868834389639
0.12471755304491595
0.11898594654174703
0.1143565720584183
0.11589969688619454
0.10631027831358501
0.09776798015982364
0.040672361532102505
0.03720033066960595
0.03455497382198953
0.032405621383301185
0.031248277762469
0.029760264535684762
0.031909616974373105
0.030862496555524938
0.03031138054560485
0.018737944337283
0.02287131441168366
0.02320198401763571
0.017635712317442823
0.016037475888674567
0.016588591898594653
0.01537613667677046
0.01399834665197024
0.011959217415265913
0.010801873794433729
0.01025075778451364
0.011022320198401764
0.010030311380545606
0.008046293744833287
0.007329842931937173
0.009920088178561588
0.012896114632130064
0.013833011848994213
0.01394323505097823
0.014163681454946266
0.015321025075778451
0.015431248277762469
0.016423257095618628
0.016753926701570682
0.017194819509506753
0.016643703499586663
0.019840176357123176
0.012179663819233948
0.0275006888950124
0.02788647010195646
0.030146045742628823
0.032405621383301185
0.033397630201157345
0.03494075502893359
0.033948746211077435
0.03675943786166988
0.03841278589143014
0.043703499586662996
0.03802700468448608
0.03631854505373381
