0.5257775063955805
0.5239676733334113
0.5773287122920299
0.6277527611004712
0.5941901545745483
0.6091708218615111
0.5676297264316095
0.5615969279319598
0.5064351759744334
0.5115909328351188
0.5229538324160984
0.5199062942685001
0.5506359402775628
0.499956491522917
0.7136625676753933
0.7263511156627092
0.7523130576329499
0.7312097629306098
0.7451241620784377
0.7531754268816913
0.7728660256867218
0.7090566748665855
0.744661896731674
0.7185143400002795
0.6778074082483548
0.6279997829077074
0.4948311139080725
0.4719051185227578
0.41992601802220736
0.42930585930844545
0.43666172967708994
0.40789303497245777
0.41481733817258537
0.42295559292479973
0.4305928821815031
0.35060915184020575
0.38400829173366735
0.3643547483112083
0.3283072686456334
0.3604940583324484
0.36197058912976593
0.3655903235295007
0.3578915056391837
0.30883629131016904
0.3398557134007697
0.3763273429266586
0.414198802607107
0.4700822036759537
0.41026440703860045
0.369537266728278
0.33475169001844784
0.36216060590690613
0.3536473147945456
0.3645404474930579
0.3787335713877813
0.36521713877888595
0.3784719012404958
0.34327798417300837
0.35961927954514
0.3817323460960291
0.4026473721135781
0.4017353053136911
0.3286825329837848
0.4066828151763963
0.40667333304736203
0.4208691737660391
0.40996511482764525
0.4340319516671034
0.45063048277444684
0.4370540116478186
0.46283687978071514
0.44376497620663796
0.4923767642614884
0.4323294226176103
0.4414779912537649
